negativo
P2
116 119
255
0 0 0 0 0 0 0 0 0 0 0 0 0 0 0 0 0 0 0 0 0 0 0 0 0 0 0 0 0 0 0 0 0 0 0 0 0 0 0 0 0 0 0 0 0 0 0 0 0 0 0 0 0 0 0 0 0 0 0 0 0 0 0 0 0 0 0 0 0 0 0 0 0 0 0 0 0 0 0 0 0 0 0 0 0 0 0 0 0 0 0 0 0 0 0 0 0 0 0 0 0 0 0 0 0 0 0 0 0 0 0 0 0 0 0 0 
33 30 26 26 26 21 21 26 29 30 30 26 16 16 16 18 18 14 16 18 18 29 29 53 50 30 20 19 19 22 24 28 35 29 29 25 25 24 26 26 25 30 30 33 26 27 38 57 57 59 40 26 25 22 22 18 19 17 16 16 16 16 16 17 14 20 20 28 26 22 33 41 41 40 33 29 22 26 26 36 62 88 93 73 43 29 29 30 38 46 38 35 35 44 50 44 42 34 34 30 36 46 59 62 62 60 56 52 53 58 58 59 64 66 64 62 
28 26 25 27 27 22 22 21 24 32 32 26 20 20 14 16 16 19 17 16 18 24 24 45 59 40 25 21 21 26 29 30 35 36 36 28 28 28 32 32 30 34 34 35 36 30 33 52 52 62 46 29 25 24 24 20 20 20 22 29 29 30 22 19 22 24 24 30 38 40 42 38 38 33 28 22 22 24 24 45 72 94 86 60 34 28 28 34 45 44 30 37 37 48 49 41 34 28 28 32 38 44 58 62 62 61 54 43 40 36 36 41 48 53 56 65 
28 26 25 27 27 22 22 21 24 32 32 26 20 20 14 16 16 19 17 16 18 24 24 45 59 40 25 21 21 26 29 30 35 36 36 28 28 28 32 32 30 34 34 35 36 30 33 52 52 62 46 29 25 24 24 20 20 20 22 29 29 30 22 19 22 24 24 30 38 40 42 38 38 33 28 22 22 24 24 45 72 94 86 60 34 28 28 34 45 44 30 37 37 48 49 41 34 28 28 32 38 44 58 62 62 61 54 43 40 36 36 41 48 53 56 65 
28 28 26 27 27 25 21 22 22 22 22 27 22 19 13 16 16 19 21 18 20 21 21 32 56 53 29 25 25 28 30 28 33 41 41 37 30 29 34 34 37 37 37 44 42 32 34 45 45 62 56 35 29 30 30 29 27 26 30 44 44 48 36 22 26 30 30 35 45 50 48 35 35 28 24 22 20 28 28 51 82 93 70 44 28 32 32 41 40 30 32 43 43 46 41 40 30 32 32 33 35 40 49 65 65 62 48 34 32 35 35 37 35 38 40 45 
29 27 27 25 25 26 21 20 22 25 25 24 24 20 19 19 19 21 26 24 20 17 17 26 51 64 41 32 32 34 28 25 26 34 34 38 40 40 40 40 42 46 46 54 46 37 38 49 49 65 62 48 44 46 46 45 43 43 49 54 54 53 49 38 37 43 43 41 45 49 48 41 41 30 26 25 20 32 32 54 84 86 64 40 34 40 40 43 32 29 38 48 48 44 41 38 30 36 36 30 35 34 42 62 62 66 45 32 30 32 32 32 30 27 27 29 
33 30 27 25 25 21 19 19 18 20 20 19 24 24 24 19 19 20 25 24 20 20 20 27 49 72 53 38 38 37 27 22 24 29 29 33 38 40 41 41 46 60 60 60 46 41 38 50 50 66 75 62 58 62 62 61 62 67 75 66 66 68 62 53 46 43 43 45 38 37 36 34 34 35 38 33 29 38 38 65 86 72 52 42 42 46 46 37 28 32 43 46 46 33 37 34 30 30 30 27 30 34 35 45 45 49 42 35 28 28 28 30 26 24 24 27 
35 30 29 25 25 21 20 21 16 17 17 16 19 24 25 22 22 20 21 24 24 21 21 29 53 68 49 38 38 37 32 29 27 29 29 28 30 33 32 32 33 51 51 59 54 53 44 54 54 75 80 70 72 75 75 78 83 91 91 85 85 82 75 60 51 48 48 45 30 29 30 26 26 30 36 48 41 45 45 75 83 66 46 46 50 45 45 36 29 38 50 43 43 32 41 34 24 25 25 26 30 30 30 35 35 38 37 38 35 32 32 29 22 20 24 26 
32 30 32 27 27 26 25 21 19 14 14 17 22 25 25 22 22 22 22 24 25 25 25 36 54 60 45 38 38 38 38 34 32 30 30 30 33 33 29 29 30 35 35 46 49 54 62 76 76 94 98 78 75 82 82 94 106 109 109 110 110 105 88 67 52 42 42 36 34 26 26 24 24 28 33 48 54 59 59 82 84 67 50 54 56 40 40 35 33 40 54 38 38 34 45 42 26 27 27 32 37 35 30 30 30 27 28 30 32 32 32 33 26 22 26 26 
32 30 32 27 27 26 25 21 19 14 14 17 22 25 25 22 22 22 22 24 25 25 25 36 54 60 45 38 38 38 38 34 32 30 30 30 33 33 29 29 30 35 35 46 49 54 62 76 76 94 98 78 75 82 82 94 106 109 109 110 110 105 88 67 52 42 42 36 34 26 26 24 24 28 33 48 54 59 59 82 84 67 50 54 56 40 40 35 33 40 54 38 38 34 45 42 26 27 27 32 37 35 30 30 30 27 28 30 32 32 32 33 26 22 26 26 
28 28 27 30 30 26 28 22 20 17 17 17 22 27 24 21 21 17 21 22 26 35 35 46 58 54 46 42 42 41 40 37 35 35 35 30 32 33 29 29 30 30 30 36 42 45 54 81 81 101 101 85 78 75 75 77 78 80 102 121 121 120 92 75 52 41 41 37 32 26 24 24 24 28 34 46 54 64 64 86 86 68 52 54 51 38 38 35 33 46 56 37 37 32 38 46 41 41 41 38 42 36 26 22 22 19 20 24 22 26 26 28 27 29 22 19 
28 30 27 29 29 28 28 26 20 19 19 19 20 22 24 22 22 21 24 25 32 40 40 52 49 46 44 44 44 44 40 38 38 38 38 32 34 33 30 30 33 36 36 38 44 52 62 83 83 93 86 69 62 54 54 50 48 57 86 112 112 110 86 72 62 53 53 46 40 32 29 27 27 38 43 46 49 64 64 86 84 67 56 54 46 35 35 29 30 54 64 45 45 32 30 33 41 46 46 50 51 43 36 27 27 22 20 22 24 24 24 25 25 22 22 21 
29 25 29 32 32 28 26 25 20 17 17 17 12 20 19 24 24 28 25 28 36 44 44 46 40 42 43 43 43 40 37 38 41 37 37 32 33 32 34 34 32 36 36 45 48 62 75 89 89 86 69 54 46 43 43 40 42 52 80 96 96 94 73 60 58 61 61 60 61 56 49 45 45 42 38 41 45 60 60 82 86 68 59 58 44 33 33 30 43 81 94 53 53 33 26 22 28 40 40 38 37 41 40 40 40 29 25 24 25 26 26 24 22 26 24 22 
30 25 28 29 29 28 24 24 22 19 19 16 14 14 14 25 25 30 30 38 46 45 45 38 35 40 51 48 48 40 40 41 43 42 42 40 38 36 41 41 38 42 42 46 61 78 88 92 92 81 60 42 40 36 36 36 38 45 74 91 91 89 70 54 50 58 58 64 67 70 68 54 54 46 37 35 41 61 61 78 85 68 60 59 48 42 42 54 82 125 125 73 73 44 32 30 30 29 29 27 25 28 29 38 38 40 32 28 25 24 24 22 22 21 21 21 
22 25 26 28 28 28 22 24 22 21 21 19 16 16 16 20 20 32 40 45 48 38 38 30 30 38 53 49 49 40 41 40 44 50 50 50 45 41 44 44 44 46 46 61 75 86 89 83 83 65 50 38 32 29 29 32 38 45 67 83 83 88 72 59 60 56 56 61 53 51 54 56 56 57 46 37 40 54 54 78 84 73 60 62 54 61 61 86 102 110 107 82 82 53 38 32 26 24 24 27 26 27 28 27 27 33 40 36 22 25 25 24 22 19 20 20 
22 25 26 28 28 28 22 24 22 21 21 19 16 16 16 20 20 32 40 45 48 38 38 30 30 38 53 49 49 40 41 40 44 50 50 50 45 41 44 44 44 46 46 61 75 86 89 83 83 65 50 38 32 29 29 32 38 45 67 83 83 88 72 59 60 56 56 61 53 51 54 56 56 57 46 37 40 54 54 78 84 73 60 62 54 61 61 86 102 110 107 82 82 53 38 32 26 24 24 27 26 27 28 27 27 33 40 36 22 25 25 24 22 19 20 20 
20 24 22 26 26 24 22 20 20 19 19 21 18 19 19 22 22 40 49 46 42 35 35 32 32 34 46 53 53 43 40 41 53 62 62 58 54 49 54 54 57 72 72 77 86 86 81 69 69 50 41 32 30 30 30 30 33 43 58 78 78 88 76 68 62 54 54 53 41 34 37 42 42 51 57 56 40 53 53 76 86 72 59 58 54 66 66 89 77 69 72 70 70 52 34 30 29 36 36 41 41 43 46 43 43 41 49 53 40 33 33 29 26 24 22 17 
26 25 25 25 25 24 25 22 21 19 19 17 19 22 27 36 36 46 49 38 36 36 36 32 33 33 43 53 53 50 50 51 62 82 82 89 83 77 85 85 89 93 93 92 83 73 64 53 53 41 37 34 27 29 29 29 32 43 61 85 85 105 105 76 59 48 48 43 34 32 27 29 29 35 50 58 57 51 51 72 91 81 62 62 56 62 62 84 66 57 60 54 54 46 35 37 46 54 54 53 48 45 46 43 43 49 53 61 62 46 46 38 32 26 19 18 
22 24 24 25 25 24 25 22 21 18 18 18 22 25 35 45 45 43 41 34 33 30 30 30 30 32 38 49 49 52 62 77 97 114 114 118 113 109 104 104 102 94 94 78 65 56 50 41 41 36 33 29 26 28 28 29 36 45 69 108 108 124 104 70 58 44 44 38 33 29 26 26 26 30 38 53 58 58 58 68 88 85 64 62 54 54 54 73 62 48 52 44 44 37 40 44 51 41 41 38 33 25 25 24 24 32 35 42 59 66 66 54 46 41 29 28 
19 21 20 22 22 22 20 20 22 16 16 18 21 35 46 44 44 34 30 32 37 32 32 30 30 33 37 53 53 76 96 113 126 132 132 124 113 102 91 91 84 76 76 67 54 50 41 35 35 32 32 32 30 35 35 35 41 50 62 98 98 116 86 62 54 43 43 35 34 30 29 28 28 32 34 37 46 60 60 72 89 86 68 61 52 49 49 60 62 51 44 45 45 40 45 48 38 27 27 24 21 20 18 16 16 17 19 22 32 50 50 57 54 52 51 46 
17 21 20 20 20 24 19 21 21 21 21 24 30 45 45 35 35 29 22 30 38 38 38 35 33 34 46 76 76 121 146 142 131 118 118 102 90 76 66 66 64 59 59 64 60 52 43 37 37 38 38 42 41 41 41 38 40 46 53 65 65 72 62 49 52 46 46 40 35 30 29 28 28 29 27 30 34 53 53 70 88 90 74 56 54 42 42 49 62 60 54 44 44 46 49 43 28 20 20 21 19 17 17 14 14 16 18 18 20 28 28 45 50 46 52 54 
17 21 20 20 20 24 19 21 21 21 21 24 30 45 45 35 35 29 22 30 38 38 38 35 33 34 46 76 76 121 146 142 131 118 118 102 90 76 66 66 64 59 59 64 60 52 43 37 37 38 38 42 41 41 41 38 40 46 53 65 65 72 62 49 52 46 46 40 35 30 29 28 28 29 27 30 34 53 53 70 88 90 74 56 54 42 42 49 62 60 54 44 44 46 49 43 28 20 20 21 19 17 17 14 14 16 18 18 20 28 28 45 50 46 52 54 
17 19 21 24 24 21 19 22 20 18 18 28 42 44 37 30 30 25 25 30 36 44 44 42 40 49 72 124 124 164 165 137 104 90 90 73 62 56 44 44 44 43 43 51 61 62 56 48 48 46 43 43 42 37 37 36 41 41 49 49 49 51 45 41 38 41 41 43 40 32 32 28 28 25 26 26 30 40 40 67 86 93 83 62 58 45 45 38 52 66 57 49 49 50 53 40 25 17 17 18 19 18 12 14 14 17 16 18 18 21 21 30 42 45 37 40 
16 16 21 22 22 24 25 22 24 27 27 42 51 41 30 28 28 26 22 24 30 40 40 43 49 62 94 148 148 173 150 109 82 64 64 57 50 45 42 42 35 38 38 38 46 45 46 44 44 38 38 37 35 33 33 35 35 37 38 40 40 40 38 34 33 35 35 41 36 33 28 28 28 27 28 32 36 40 40 59 89 98 92 80 65 52 52 38 51 64 58 49 49 52 59 38 24 19 19 19 17 16 14 14 14 19 17 18 22 24 24 27 38 48 46 37 
16 19 19 24 24 29 25 28 28 38 38 50 50 32 29 26 26 22 25 24 32 38 38 48 59 73 110 150 150 150 115 89 68 54 54 45 43 44 42 42 34 37 37 37 43 36 34 35 35 28 30 29 26 30 30 26 21 27 25 33 33 33 32 30 29 30 30 41 32 28 29 28 28 29 34 32 32 36 36 45 75 94 89 78 72 62 62 45 48 58 57 46 46 52 59 38 25 19 19 16 14 16 18 22 22 21 22 26 30 33 33 35 42 49 62 53 
18 22 21 22 22 29 30 33 38 49 49 56 43 35 30 28 28 28 27 30 34 46 46 61 62 82 118 134 134 115 82 70 60 48 48 41 38 43 42 42 37 37 37 42 41 37 34 28 28 26 24 21 21 21 21 25 21 19 24 28 28 30 26 24 25 29 29 37 34 33 30 30 30 29 28 29 24 26 26 35 65 92 90 76 67 68 68 58 54 62 58 49 49 56 65 43 28 22 22 19 17 18 21 25 25 25 30 32 38 40 40 46 52 62 78 86 
19 24 25 22 22 30 33 40 50 64 64 58 44 32 35 36 36 38 35 32 42 50 50 60 73 99 116 110 110 82 61 57 54 48 48 43 38 38 42 42 36 38 38 43 37 34 28 25 25 22 21 19 18 19 19 18 19 17 21 25 25 30 29 25 21 21 21 25 25 28 21 24 24 21 22 24 22 24 24 29 59 89 85 75 66 64 64 53 56 70 65 45 45 54 64 44 27 25 25 24 25 26 26 28 28 25 34 40 44 53 53 65 78 86 102 115 
19 24 25 22 22 30 33 40 50 64 64 58 44 32 35 36 36 38 35 32 42 50 50 60 73 99 116 110 110 82 61 57 54 48 48 43 38 38 42 42 36 38 38 43 37 34 28 25 25 22 21 19 18 19 19 18 19 17 21 25 25 30 29 25 21 21 21 25 25 28 21 24 24 21 22 24 22 24 24 29 59 89 85 75 66 64 64 53 56 70 65 45 45 54 64 44 27 25 25 24 25 26 26 28 28 25 34 40 44 53 53 65 78 86 102 115 
22 24 27 32 32 38 43 48 57 69 69 64 46 38 40 48 48 48 43 38 42 52 52 59 77 98 99 86 86 59 46 45 42 44 44 49 42 49 46 46 43 41 41 40 30 27 26 22 22 22 18 17 14 14 14 17 14 17 20 22 22 28 28 26 21 22 22 21 20 21 22 22 22 24 18 17 16 22 22 27 57 86 84 76 65 60 60 46 45 68 70 49 49 46 61 46 32 30 30 33 32 30 29 32 32 33 41 58 72 88 88 94 102 108 114 125 
27 29 35 40 40 41 43 42 62 86 86 92 86 80 73 66 66 49 49 46 48 52 52 66 83 91 80 64 64 44 41 33 34 36 36 41 49 50 52 52 48 38 38 35 27 26 22 25 25 24 21 19 14 16 16 16 16 14 19 21 21 19 25 25 24 21 21 19 19 22 17 18 18 19 18 18 18 20 20 29 57 89 93 78 62 53 53 38 40 60 67 57 57 50 67 58 41 41 41 36 38 42 42 54 54 59 68 84 94 102 102 107 106 107 105 109 
34 34 30 34 34 37 30 35 53 91 91 130 150 147 106 72 72 56 49 48 52 64 64 77 83 78 61 46 46 40 36 35 34 30 30 33 38 43 42 42 45 35 35 28 25 21 22 24 24 22 22 19 21 17 17 11 16 14 14 18 18 24 24 24 21 19 19 14 16 19 20 18 18 19 20 17 20 20 20 35 70 92 86 72 57 46 46 38 38 60 62 61 61 66 70 61 48 43 43 41 45 50 62 77 77 91 93 98 102 102 102 94 96 86 72 73 
29 27 29 34 34 30 29 32 46 96 96 154 194 194 129 76 76 57 53 58 68 74 74 80 78 61 50 42 42 34 38 33 30 26 26 25 29 32 34 34 34 29 29 24 27 22 18 19 19 18 19 19 18 16 16 12 13 11 14 16 16 21 19 19 17 14 14 13 14 16 17 14 14 17 16 20 20 26 26 54 93 99 85 70 52 41 41 35 42 70 65 54 54 66 85 74 57 49 49 48 57 70 90 94 94 97 98 96 94 83 83 77 66 59 43 37 
30 26 27 34 34 35 30 33 46 99 99 156 185 185 148 100 100 74 75 80 82 78 78 70 65 52 43 38 38 33 34 25 24 22 22 25 26 25 28 28 33 30 30 24 21 19 22 20 20 16 18 17 21 19 19 16 16 13 16 16 16 16 16 12 16 16 16 13 12 14 14 18 18 17 18 19 24 42 42 86 101 94 82 66 46 36 36 36 46 78 74 57 57 62 91 94 64 62 62 69 81 96 102 101 101 94 85 76 68 62 62 48 34 28 22 21 
30 26 27 34 34 35 30 33 46 99 99 156 185 185 148 100 100 74 75 80 82 78 78 70 65 52 43 38 38 33 34 25 24 22 22 25 26 25 28 28 33 30 30 24 21 19 22 20 20 16 18 17 21 19 19 16 16 13 16 16 16 16 16 12 16 16 16 13 12 14 14 18 18 17 18 19 24 42 42 86 101 94 82 66 46 36 36 36 46 78 74 57 57 62 91 94 64 62 62 69 81 96 102 101 101 94 85 76 68 62 62 48 34 28 22 21 
35 33 33 32 32 30 33 38 58 102 102 142 146 150 145 128 128 109 101 92 82 66 66 54 49 41 34 28 28 24 22 22 22 22 22 21 21 22 22 22 30 22 22 25 21 22 24 22 22 26 29 29 28 27 27 22 19 19 21 19 19 19 19 13 13 11 11 13 16 16 17 18 18 19 18 20 36 72 72 107 101 86 70 53 38 40 40 41 58 82 83 62 62 68 91 106 93 85 85 96 102 108 100 84 84 65 50 42 34 33 33 22 18 14 14 17 
42 40 35 36 36 33 33 43 73 105 105 128 118 113 120 116 116 106 94 74 64 52 52 41 33 26 25 20 20 19 18 19 20 16 16 19 18 21 26 26 25 19 19 24 21 29 40 46 46 48 46 49 46 41 41 38 30 29 24 22 22 22 18 18 13 17 17 17 18 21 22 22 22 22 28 43 70 104 104 113 93 72 52 40 37 38 38 44 54 84 88 70 70 70 97 125 122 105 105 102 101 88 70 49 49 33 25 22 20 18 18 17 10 14 10 16 
43 46 43 42 42 38 43 64 86 106 106 114 106 102 91 86 86 75 67 54 48 40 40 26 22 21 20 16 16 14 14 16 16 16 16 19 17 24 22 22 22 21 21 27 35 52 68 77 77 80 78 70 72 69 69 70 62 54 53 46 46 43 37 35 29 29 29 27 29 34 33 36 36 45 60 84 108 108 108 93 73 49 40 35 40 41 41 45 54 80 97 83 83 88 109 144 139 110 110 92 70 52 36 28 28 19 18 14 14 13 13 11 8 11 11 13 
38 44 51 52 52 53 57 81 91 94 94 102 99 91 88 72 72 64 54 46 34 24 24 19 19 18 13 12 12 14 14 14 16 16 16 17 22 25 22 22 19 32 32 46 62 77 88 92 92 90 82 78 78 78 78 81 78 75 78 74 74 72 68 60 61 64 64 57 58 62 64 70 70 85 104 109 106 92 92 69 49 40 40 40 45 46 46 50 57 86 110 105 105 110 118 137 140 99 99 65 45 30 24 21 21 19 14 12 10 10 10 6 8 10 10 13 
35 38 51 58 58 67 78 92 90 82 82 90 90 82 77 72 72 65 59 46 38 28 28 24 17 17 14 14 14 12 13 11 12 12 12 21 25 26 22 22 22 51 51 67 78 84 82 83 83 70 62 57 52 59 59 62 61 62 69 69 69 75 75 75 81 81 81 81 83 88 89 100 100 113 110 94 78 64 64 49 41 43 43 43 46 51 51 64 80 104 129 123 123 114 113 124 125 81 81 44 33 26 22 18 18 17 12 10 10 9 9 8 8 9 11 21 
35 38 51 58 58 67 78 92 90 82 82 90 90 82 77 72 72 65 59 46 38 28 28 24 17 17 14 14 14 12 13 11 12 12 12 21 25 26 22 22 22 51 51 67 78 84 82 83 83 70 62 57 52 59 59 62 61 62 69 69 69 75 75 75 81 81 81 81 83 88 89 100 100 113 110 94 78 64 64 49 41 43 43 43 46 51 51 64 80 104 129 123 123 114 113 124 125 81 81 44 33 26 22 18 18 17 12 10 10 9 9 8 8 9 11 21 
45 45 53 70 70 91 97 86 64 60 60 76 76 54 40 36 36 40 43 48 50 46 46 52 43 43 42 38 38 30 22 17 20 18 18 22 17 20 30 30 52 75 75 62 48 36 30 25 25 24 19 21 18 14 14 12 13 13 17 14 14 21 27 33 33 41 41 43 48 60 78 84 84 59 52 42 44 42 42 41 43 46 57 69 84 93 93 113 138 124 121 115 115 88 83 76 73 75 75 56 35 24 20 20 20 19 16 12 12 9 9 11 14 22 29 25 
45 45 53 70 70 91 97 86 64 60 60 76 76 54 40 36 36 40 43 48 50 46 46 52 43 43 42 38 38 30 22 17 20 18 18 22 17 20 30 30 52 75 75 62 48 36 30 25 25 24 19 21 18 14 14 12 13 13 17 14 14 21 27 33 33 41 41 43 48 60 78 84 84 59 52 42 44 42 42 41 43 46 57 69 84 93 93 113 138 124 121 115 115 88 83 76 73 75 75 56 35 24 20 20 20 19 16 12 12 9 9 11 14 22 29 25 
44 42 49 70 70 97 89 73 59 59 59 70 65 45 36 28 28 24 25 22 24 28 28 29 30 32 37 44 44 46 42 43 38 36 36 32 30 35 52 52 65 69 69 48 30 21 18 22 22 18 14 13 11 17 17 16 11 9 10 8 8 14 18 20 19 21 21 25 36 62 82 66 66 45 48 45 46 46 46 46 56 68 80 88 93 98 98 108 118 108 98 94 94 84 62 53 52 61 61 67 51 32 21 19 19 19 19 14 14 14 14 17 24 32 22 17 
41 43 51 78 78 94 78 58 56 68 68 70 56 42 35 28 28 22 21 18 16 18 18 16 14 16 18 24 24 32 35 43 46 50 50 53 61 74 84 84 82 54 54 35 24 20 16 19 19 14 9 9 10 13 13 12 16 13 9 13 13 14 19 21 21 19 19 29 51 86 77 60 60 51 44 50 56 66 66 73 78 86 89 91 90 78 78 67 60 64 75 83 83 72 53 40 43 51 51 60 61 52 32 24 24 21 22 18 20 25 25 29 30 25 17 13 
40 42 57 84 84 85 65 51 54 65 65 62 48 40 30 22 22 24 21 16 14 16 16 9 13 12 11 10 10 9 14 21 28 38 38 53 76 102 106 106 97 49 49 32 25 17 18 12 12 16 12 6 9 9 9 9 11 17 18 20 20 18 20 26 27 29 29 41 74 97 74 56 56 53 60 69 82 88 88 91 91 90 86 76 61 42 42 30 25 30 38 61 61 70 56 41 36 43 43 53 64 68 61 43 43 35 29 26 30 34 34 29 20 20 18 16 
38 45 67 86 86 77 53 46 52 54 54 48 34 30 25 22 22 22 16 14 14 10 10 8 5 9 8 4 4 6 6 13 16 18 18 38 70 102 118 118 108 57 57 35 27 18 14 16 16 14 13 8 8 9 9 10 9 17 19 21 21 25 27 30 35 43 43 57 86 94 86 82 82 85 92 94 96 94 94 91 83 70 53 37 28 21 21 14 16 14 22 43 43 60 65 52 40 45 45 56 65 66 68 62 62 57 46 40 42 32 32 25 22 19 17 16 
40 52 73 84 84 65 53 46 51 43 43 34 27 25 22 18 18 18 13 8 10 8 8 5 3 4 5 6 6 5 4 8 12 18 18 35 64 85 98 98 97 77 77 46 30 24 18 18 18 16 14 13 9 9 9 11 14 19 20 24 24 28 30 34 45 59 59 81 114 117 108 108 108 107 108 101 92 78 78 61 45 32 22 14 13 10 10 10 14 14 18 35 35 52 62 70 58 59 59 62 75 66 61 61 61 65 67 64 44 30 30 25 22 16 16 17 
40 52 73 84 84 65 53 46 51 43 43 34 27 25 22 18 18 18 13 8 10 8 8 5 3 4 5 6 6 5 4 8 12 18 18 35 64 85 98 98 97 77 77 46 30 24 18 18 18 16 14 13 9 9 9 11 14 19 20 24 24 28 30 34 45 59 59 81 114 117 108 108 108 107 108 101 92 78 78 61 45 32 22 14 13 10 10 10 14 14 18 35 35 52 62 70 58 59 59 62 75 66 61 61 61 65 67 64 44 30 30 25 22 16 16 17 
45 59 81 80 80 57 53 50 48 40 40 32 26 24 19 16 16 11 6 10 10 4 4 6 3 3 8 8 8 4 8 11 12 24 24 45 70 74 68 68 70 93 93 61 41 30 22 24 24 20 17 14 12 14 14 14 21 25 29 33 33 41 53 59 70 89 89 117 139 134 118 114 114 105 92 80 58 44 44 27 19 13 9 8 10 9 9 11 16 14 19 29 29 50 56 80 94 97 97 94 94 90 84 66 66 65 78 80 60 35 35 29 24 21 17 19 
46 68 83 74 74 57 53 53 43 37 37 28 24 21 18 14 14 10 9 8 8 8 8 6 5 6 8 10 10 11 12 11 16 32 32 57 72 69 52 52 57 101 101 72 41 29 24 26 26 24 26 25 21 25 25 30 35 38 50 64 64 74 84 92 99 109 109 126 138 123 102 84 84 67 52 37 22 14 14 13 6 8 8 6 9 10 10 14 16 16 26 49 49 56 57 89 132 129 129 101 78 76 85 86 86 73 78 80 66 56 56 37 26 22 18 21 
54 75 81 66 66 54 51 46 40 34 34 26 24 18 19 14 14 11 9 8 8 6 6 8 9 8 10 10 10 12 13 13 20 42 42 69 75 66 44 44 42 93 93 73 45 32 30 33 33 38 37 38 38 43 43 54 62 73 81 89 89 94 97 99 101 102 102 110 115 92 57 38 38 25 20 14 12 10 10 6 5 5 8 5 8 9 9 13 16 16 30 59 59 62 62 106 129 125 125 92 57 48 58 74 74 86 88 68 60 70 70 54 36 25 24 25 
66 82 75 66 66 59 51 37 37 29 29 28 21 25 18 16 16 10 11 10 10 6 6 13 13 12 11 12 12 13 16 14 30 54 54 78 82 59 38 38 37 81 81 72 56 49 46 50 50 54 60 69 70 81 81 86 91 97 98 98 98 92 84 78 70 62 62 69 84 69 40 22 22 14 12 11 8 10 10 9 9 6 6 8 6 12 12 12 17 20 22 37 37 54 77 105 106 101 101 110 78 54 51 54 54 75 97 66 52 62 62 61 42 30 28 27 
70 77 65 60 60 59 43 34 28 24 24 22 22 20 17 14 14 11 11 10 10 10 10 10 11 17 16 18 18 18 19 24 40 64 64 77 70 46 34 34 36 81 81 81 78 78 78 78 78 88 93 94 96 97 97 100 97 94 89 75 75 61 51 38 35 32 32 45 65 56 33 24 24 17 14 12 10 8 8 8 3 5 9 9 10 9 9 9 14 14 17 22 22 32 57 94 102 105 105 132 109 68 58 56 56 67 92 78 50 54 54 67 52 33 30 29 
70 77 65 60 60 59 43 34 28 24 24 22 22 20 17 14 14 11 11 10 10 10 10 10 11 17 16 18 18 18 19 24 40 64 64 77 70 46 34 34 36 81 81 81 78 78 78 78 78 88 93 94 96 97 97 100 97 94 89 75 75 61 51 38 35 32 32 45 65 56 33 24 24 17 14 12 10 8 8 8 3 5 9 9 10 9 9 9 14 14 17 22 22 32 57 94 102 105 105 132 109 68 58 56 56 67 92 78 50 54 54 67 52 33 30 29 
76 70 57 54 54 57 45 33 29 25 25 20 21 19 16 14 14 14 13 14 14 14 14 17 13 16 21 22 22 25 22 29 52 76 76 81 68 45 38 38 49 97 97 102 102 109 104 102 102 100 104 101 97 85 85 73 62 49 42 34 34 32 30 24 21 21 21 38 60 51 28 18 18 21 12 13 6 8 8 6 8 8 8 14 9 8 8 12 13 14 20 19 19 22 37 65 92 109 109 121 93 60 49 51 51 61 83 86 64 50 50 62 64 44 32 27 
73 62 49 50 50 57 46 34 28 26 26 24 20 18 14 14 14 14 13 14 20 18 18 18 17 19 22 20 20 24 27 43 70 90 90 86 75 66 70 70 76 123 123 125 115 114 108 94 94 90 81 69 58 43 43 32 22 17 14 17 17 21 22 19 16 21 21 37 59 48 27 22 22 21 18 14 8 8 8 11 9 9 11 17 10 11 11 11 14 14 16 19 19 22 27 36 45 59 59 58 49 38 38 36 36 43 70 84 68 43 43 53 64 51 30 29 
66 52 41 42 42 49 46 37 27 25 25 24 25 24 22 20 20 18 21 26 30 24 24 21 25 22 22 24 24 29 42 67 94 108 108 102 100 101 104 104 102 134 134 122 97 93 86 66 66 48 38 27 17 14 14 9 9 5 8 8 8 12 16 10 13 19 19 35 54 45 26 18 18 21 20 14 10 12 12 13 13 12 12 16 13 12 12 14 13 14 14 19 19 18 19 24 24 27 27 30 29 32 29 30 30 35 61 86 78 48 48 43 62 60 36 27 
57 43 37 34 34 41 57 50 32 28 28 26 22 22 24 32 32 41 53 66 68 58 58 48 46 46 48 48 48 56 81 99 112 126 126 126 118 118 114 114 106 113 113 89 62 48 46 33 33 22 14 13 10 5 5 2 6 5 6 8 8 6 11 9 13 19 19 35 51 42 25 20 20 24 22 16 16 16 16 17 14 13 11 13 14 14 14 16 16 16 17 21 21 18 19 22 22 25 25 24 25 24 26 28 28 33 54 86 80 51 51 38 62 67 38 27 
44 34 29 30 30 33 45 53 41 29 29 24 22 21 26 36 36 64 83 84 88 90 90 93 93 102 117 126 126 123 120 131 132 134 134 126 116 101 88 88 70 67 67 52 29 25 26 20 20 14 10 6 6 5 5 3 5 1 4 2 2 6 6 10 13 19 19 35 52 37 24 20 20 25 20 17 18 16 16 14 16 14 12 14 16 14 14 14 17 16 20 19 19 16 21 21 20 25 25 24 21 20 24 22 22 27 43 82 78 46 46 37 52 68 44 30 
44 34 29 30 30 33 45 53 41 29 29 24 22 21 26 36 36 64 83 84 88 90 90 93 93 102 117 126 126 123 120 131 132 134 134 126 116 101 88 88 70 67 67 52 29 25 26 20 20 14 10 6 6 5 5 3 5 1 4 2 2 6 6 10 13 19 19 35 52 37 24 20 20 25 20 17 18 16 16 14 16 14 12 14 16 14 14 14 17 16 20 19 19 16 21 21 20 25 25 24 21 20 24 22 22 27 43 82 78 46 46 37 52 68 44 30 
40 29 27 26 26 29 37 50 48 40 40 28 22 20 25 46 46 65 65 58 62 76 76 92 105 123 148 178 178 166 145 141 130 116 116 102 78 60 42 42 32 45 45 37 19 16 18 16 16 10 9 5 6 3 3 4 5 1 3 8 8 6 11 9 14 21 21 40 53 38 25 26 26 27 24 22 20 20 20 19 21 17 13 16 14 13 13 13 16 16 19 19 19 18 19 18 21 21 21 20 25 22 22 24 24 25 40 78 88 49 49 37 50 67 48 29 
32 28 25 28 28 27 29 37 46 46 46 40 33 35 44 62 62 72 61 56 58 60 60 65 77 106 131 148 148 149 142 134 114 86 86 57 42 27 18 18 17 37 37 34 16 9 12 14 14 10 10 5 3 3 3 3 3 3 6 8 8 8 14 14 16 21 21 43 54 37 24 30 30 29 24 21 20 20 20 22 24 16 14 14 16 14 14 14 13 14 18 17 17 16 14 17 16 17 17 19 24 22 21 25 25 27 43 78 90 66 66 43 54 66 46 29 
27 25 29 30 30 25 21 26 36 42 42 46 50 50 62 78 78 73 59 54 52 54 54 66 86 110 128 134 134 134 129 117 90 52 52 29 24 16 10 10 10 33 33 32 14 8 8 13 13 8 5 3 2 0 0 0 1 5 3 11 11 11 17 16 13 21 21 43 56 38 30 28 28 29 22 20 20 20 20 22 21 19 14 14 16 14 14 14 12 14 11 14 14 18 14 16 17 16 16 16 21 22 22 26 26 37 62 90 84 70 70 61 70 73 53 35 
24 24 22 24 24 22 19 22 25 27 27 28 35 41 52 64 64 52 45 40 48 66 66 91 117 130 134 136 136 125 98 69 48 32 32 17 14 11 6 6 3 24 24 34 19 6 8 16 16 10 2 5 3 1 1 3 1 5 8 12 12 14 12 14 13 27 27 51 54 38 32 30 30 29 26 22 20 20 20 24 21 18 14 12 19 14 14 16 13 14 14 13 13 14 16 17 18 14 14 14 22 26 29 35 35 46 77 88 70 58 58 61 78 84 64 54 
30 27 21 22 22 22 17 16 20 20 20 18 20 26 49 58 58 45 41 46 66 94 94 116 126 131 128 114 114 84 53 32 20 14 14 11 9 6 6 6 4 22 22 29 14 6 10 17 17 8 3 1 2 1 1 2 3 8 9 9 9 11 17 14 19 30 30 56 53 36 33 34 34 29 24 22 20 20 20 21 21 17 13 11 16 16 16 14 10 14 13 13 13 12 11 12 16 19 19 18 22 28 30 32 32 45 80 74 54 49 49 53 68 65 49 54 
30 27 21 22 22 22 17 16 20 20 20 18 20 26 49 58 58 45 41 46 66 94 94 116 126 131 128 114 114 84 53 32 20 14 14 11 9 6 6 6 4 22 22 29 14 6 10 17 17 8 3 1 2 1 1 2 3 8 9 9 9 11 17 14 19 30 30 56 53 36 33 34 34 29 24 22 20 20 20 21 21 17 13 11 16 16 16 14 10 14 13 13 13 12 11 12 16 19 19 18 22 28 30 32 32 45 80 74 54 49 49 53 68 65 49 54 
28 26 22 20 20 21 19 14 17 17 17 16 19 25 50 56 56 50 53 70 94 112 112 121 125 112 97 72 72 43 24 19 12 10 10 6 8 5 6 6 5 24 24 34 17 11 18 16 16 12 2 3 1 3 3 5 6 11 12 16 16 16 20 20 24 43 43 65 58 43 44 34 34 29 24 21 20 20 20 19 21 18 16 16 19 16 16 14 13 18 16 14 14 16 13 16 14 14 14 17 19 22 27 30 30 59 77 62 44 40 40 57 64 50 40 38 
19 19 17 18 18 19 17 16 14 14 14 14 18 32 53 56 56 57 75 96 110 118 118 120 109 83 58 36 36 24 16 13 12 10 10 8 8 6 4 4 2 22 22 35 24 18 20 14 14 12 9 8 6 5 5 6 9 9 13 14 14 17 17 21 27 51 51 67 53 42 38 34 34 33 28 26 24 22 22 21 17 16 19 19 22 17 17 11 14 14 13 14 14 16 17 16 13 16 16 14 14 18 26 42 42 69 70 54 40 40 40 61 66 45 38 33 
18 16 16 16 16 14 17 16 13 14 14 18 25 41 60 66 66 78 99 110 122 124 124 113 85 50 29 18 18 13 10 9 10 12 12 6 6 11 8 8 3 27 27 38 27 22 18 12 12 6 6 9 8 9 9 6 9 11 14 14 14 18 20 20 35 57 57 67 50 38 36 30 30 30 30 25 24 24 24 25 21 20 20 20 19 24 24 14 11 12 10 13 13 12 17 14 16 19 19 17 16 16 27 51 51 70 62 48 40 46 46 69 62 44 34 30 
13 16 16 14 14 11 13 18 14 16 16 24 32 50 75 90 90 99 113 122 124 108 108 80 49 27 16 12 12 8 5 5 6 10 10 6 9 8 8 8 8 33 33 37 29 22 12 8 8 6 8 6 10 11 11 12 11 11 13 17 17 21 19 29 49 62 62 62 43 38 33 30 30 29 28 26 26 24 24 21 21 19 17 21 20 21 21 17 12 12 11 13 13 12 14 22 25 22 22 22 17 20 40 62 62 59 54 52 48 57 57 75 60 37 33 30 
10 12 9 8 8 11 17 19 19 17 17 24 37 67 100 112 112 116 123 120 110 78 78 49 25 14 13 10 10 5 6 8 6 6 6 9 6 8 10 10 13 38 38 34 22 19 14 10 10 6 6 8 13 16 16 14 14 19 18 20 20 22 26 38 57 67 67 54 38 33 30 28 28 27 26 25 24 22 22 21 21 18 20 22 21 20 20 18 13 18 14 13 13 12 17 19 22 27 27 25 19 28 51 61 61 51 41 54 56 68 68 75 54 40 34 33 
10 12 9 8 8 11 17 19 19 17 17 24 37 67 100 112 112 116 123 120 110 78 78 49 25 14 13 10 10 5 6 8 6 6 6 9 6 8 10 10 13 38 38 34 22 19 14 10 10 6 6 8 13 16 16 14 14 19 18 20 20 22 26 38 57 67 67 54 38 33 30 28 28 27 26 25 24 22 22 21 21 18 20 22 21 20 20 18 13 18 14 13 13 12 17 19 22 27 27 25 19 28 51 61 61 51 41 54 56 68 68 75 54 40 34 33 
6 9 9 10 10 9 17 20 22 26 26 32 52 90 123 126 126 125 125 106 80 46 46 26 16 11 10 6 6 8 5 9 6 8 8 6 6 12 16 16 32 33 33 25 19 16 14 13 13 8 9 11 12 16 16 18 21 25 24 25 25 27 29 45 65 70 70 49 33 30 29 28 28 27 24 20 22 24 24 24 22 25 22 21 24 22 22 22 20 16 17 14 14 16 16 20 19 21 21 24 29 42 56 54 54 41 36 50 66 75 75 67 50 41 35 33 
6 2 5 10 10 11 11 14 21 33 33 54 83 109 136 130 130 122 105 78 46 24 24 17 13 8 5 6 6 5 6 5 8 8 8 9 20 29 34 34 43 22 22 16 14 13 14 8 8 14 12 16 14 14 14 19 19 19 24 26 26 26 34 50 73 62 62 41 32 29 28 26 26 25 22 21 18 24 24 22 22 26 24 24 25 30 30 24 21 20 20 17 17 16 19 19 22 19 19 22 35 54 53 43 43 37 41 54 70 76 76 65 46 42 34 35 
5 5 8 8 8 11 14 20 28 50 50 78 106 128 141 134 134 107 77 44 26 18 18 12 11 9 6 6 6 10 13 14 26 32 32 37 45 50 46 46 40 13 13 14 16 14 12 9 9 12 13 19 16 17 17 16 21 21 27 27 27 27 38 62 78 65 65 41 33 28 27 26 26 25 28 24 22 22 22 21 25 27 25 25 30 29 29 25 22 22 19 21 21 20 21 22 21 25 25 32 51 62 52 38 38 37 44 62 68 62 62 59 50 45 38 35 
8 8 9 10 10 13 19 27 43 75 75 100 118 129 138 124 124 86 46 30 18 12 12 9 9 8 9 18 18 25 32 37 46 48 48 46 44 40 30 30 22 14 14 14 14 13 14 12 12 16 14 19 21 24 24 22 22 25 30 30 30 36 54 74 75 59 59 40 32 29 28 26 26 29 26 27 26 24 24 25 22 26 26 26 29 30 30 22 25 26 24 21 21 20 19 21 22 29 29 43 62 56 41 37 37 41 53 72 66 50 50 51 58 56 42 40 
5 5 9 8 8 16 24 38 70 100 100 116 124 124 115 100 100 67 41 26 18 10 10 10 8 13 24 36 36 46 45 35 32 28 28 21 21 14 12 12 12 14 14 13 13 14 14 19 19 18 21 19 24 25 25 26 30 29 33 37 37 51 67 78 67 49 49 37 33 28 27 26 26 29 28 28 24 24 24 25 21 22 25 27 26 27 27 29 26 28 25 21 21 20 21 24 29 43 43 58 59 44 34 36 36 51 68 68 52 38 38 41 52 57 49 43 
5 5 9 8 8 16 24 38 70 100 100 116 124 124 115 100 100 67 41 26 18 10 10 10 8 13 24 36 36 46 45 35 32 28 28 21 21 14 12 12 12 14 14 13 13 14 14 19 19 18 21 19 24 25 25 26 30 29 33 37 37 51 67 78 67 49 49 37 33 28 27 26 26 29 28 28 24 24 24 25 21 22 25 27 26 27 27 29 26 28 25 21 21 20 21 24 29 43 43 58 59 44 34 36 36 51 68 68 52 38 38 41 52 57 49 43 
10 8 8 10 10 17 29 57 97 121 121 126 129 110 82 58 58 50 46 38 30 22 22 13 11 28 43 46 46 38 30 19 12 12 12 9 10 14 10 10 11 14 14 14 19 21 24 26 26 24 24 25 27 27 27 29 33 37 42 52 52 66 76 72 53 41 41 37 34 30 32 30 30 29 30 30 28 30 30 25 25 28 26 26 25 28 28 30 33 32 30 27 27 26 25 33 48 57 57 57 41 36 35 45 45 70 81 60 46 40 40 45 50 44 46 49 
11 13 9 12 12 19 43 80 114 126 126 130 124 90 51 28 28 25 33 36 42 38 38 30 29 45 52 40 40 20 14 11 10 12 12 11 13 14 14 14 14 21 21 22 25 24 24 27 27 28 27 27 28 30 30 30 37 41 48 65 65 77 67 61 49 37 37 37 37 38 33 32 32 30 32 36 34 30 30 32 30 30 27 29 30 29 29 33 30 34 33 32 32 32 40 52 59 57 57 40 33 30 36 56 56 86 72 48 40 41 41 43 48 41 41 43 
14 14 13 16 16 25 57 99 131 139 139 128 102 61 30 18 18 12 13 18 28 34 34 45 51 54 49 26 26 16 14 13 12 12 12 17 16 21 22 22 21 25 25 24 19 25 22 26 26 28 26 27 30 32 32 35 38 46 62 70 70 66 56 52 46 38 38 38 40 37 36 36 36 38 38 37 38 40 40 35 37 36 32 34 33 36 36 36 33 32 38 41 41 46 59 59 52 43 43 37 29 32 49 89 89 97 67 52 48 48 48 46 44 46 40 41 
14 19 21 28 28 43 75 116 138 138 138 122 80 40 21 14 14 9 11 10 14 16 16 36 53 57 42 22 22 16 14 11 14 12 12 17 17 20 18 18 16 24 24 21 25 20 22 25 25 26 27 27 36 41 41 42 53 65 70 61 61 49 45 46 41 38 38 40 33 34 33 36 36 38 38 38 40 40 40 41 41 41 38 38 38 38 38 41 38 36 51 61 61 70 62 50 41 33 33 36 33 38 80 142 142 110 74 58 54 57 57 53 46 45 46 46 
20 26 35 52 52 75 105 131 147 142 142 118 65 27 20 14 14 12 8 10 16 14 14 25 45 54 38 22 22 19 16 14 14 14 14 16 16 19 18 18 17 19 19 18 21 21 28 28 28 28 30 32 35 46 46 59 69 67 58 48 48 42 42 46 38 37 37 37 32 29 32 34 34 37 38 41 42 40 40 41 43 46 48 56 57 58 58 50 45 52 66 75 75 64 49 37 32 33 33 35 30 42 101 171 171 134 78 62 58 62 62 62 52 48 50 49 
20 26 35 52 52 75 105 131 147 142 142 118 65 27 20 14 14 12 8 10 16 14 14 25 45 54 38 22 22 19 16 14 14 14 14 16 16 19 18 18 17 19 19 18 21 21 28 28 28 28 30 32 35 46 46 59 69 67 58 48 48 42 42 46 38 37 37 37 32 29 32 34 34 37 38 41 42 40 40 41 43 46 48 56 57 58 58 50 45 52 66 75 75 64 49 37 32 33 33 35 30 42 101 171 171 134 78 62 58 62 62 62 52 48 50 49 
27 41 59 80 80 101 123 146 156 152 152 116 62 28 21 14 14 13 13 12 18 18 18 22 43 57 42 24 24 18 17 19 16 16 16 14 17 18 20 20 18 19 19 19 24 26 34 30 30 30 35 37 44 61 61 68 65 59 45 41 41 43 41 38 43 37 37 35 33 34 30 30 30 37 36 42 46 42 42 41 41 43 53 83 108 99 99 70 68 78 78 67 67 54 43 34 33 37 37 34 37 40 74 138 138 141 92 64 54 70 70 101 92 61 53 56 
36 58 75 84 84 94 118 142 153 149 149 120 69 30 22 18 18 16 17 16 18 16 16 21 41 60 45 24 24 19 16 16 14 14 14 17 16 17 16 16 21 19 19 24 25 35 34 34 34 40 44 54 61 67 67 62 54 51 46 40 40 40 36 38 37 41 41 38 36 35 34 34 34 37 42 38 48 44 44 43 43 46 54 94 139 136 136 102 86 80 62 57 57 54 46 41 38 37 37 37 37 38 46 75 75 105 102 78 64 104 104 171 162 102 62 53 
77 83 83 70 70 69 93 132 148 154 154 134 92 44 29 22 22 21 21 20 22 22 22 26 45 62 48 26 26 20 17 11 10 14 14 17 19 16 20 20 18 27 27 38 57 68 68 65 65 60 67 73 72 65 65 56 49 46 46 41 41 33 33 37 35 35 35 41 41 42 43 44 44 45 48 50 50 46 46 43 45 48 62 93 134 141 141 109 86 64 49 43 43 44 49 48 43 41 41 42 38 38 38 46 46 65 86 90 86 133 133 209 203 133 78 54 
112 102 77 54 54 49 70 110 141 153 153 148 115 65 34 26 26 24 21 20 22 24 24 25 46 64 54 28 28 21 18 11 12 14 14 16 14 17 18 18 24 46 46 74 94 102 108 102 102 98 90 73 61 53 53 46 41 43 40 32 32 30 32 34 35 35 35 33 36 30 38 42 42 49 60 62 58 54 54 48 48 50 66 94 123 134 134 104 69 50 46 38 38 38 41 41 46 43 43 41 40 40 37 40 40 45 61 84 102 150 150 211 198 136 74 53 
102 89 65 46 46 43 54 90 130 148 148 150 136 96 53 36 36 25 22 26 26 26 26 26 41 62 58 34 34 22 17 17 16 14 14 13 16 14 18 18 24 70 70 93 99 108 112 123 123 130 105 69 54 51 51 46 41 41 35 30 30 33 30 30 35 35 35 35 29 30 30 34 34 38 46 56 56 52 52 51 49 51 73 102 124 123 123 91 58 46 41 35 35 36 35 32 41 46 46 40 37 38 36 38 38 37 46 66 110 153 153 193 170 118 67 48 
60 50 51 52 52 45 45 67 107 137 137 148 145 126 92 48 48 36 29 32 30 26 26 24 37 60 59 36 36 24 18 13 14 12 12 13 12 17 22 22 29 81 81 84 70 69 84 112 112 122 112 86 57 49 49 43 40 37 36 36 36 36 32 32 37 35 35 37 38 37 34 32 32 33 36 45 48 48 48 51 49 54 82 118 125 108 108 76 57 44 38 33 33 30 33 29 34 45 45 41 37 36 35 37 37 37 41 54 104 150 150 169 152 104 66 45 
32 29 33 44 44 49 45 52 80 118 118 140 150 146 125 92 92 59 45 38 32 26 26 22 33 57 60 40 40 26 17 17 14 16 16 16 16 16 20 20 36 81 81 69 51 58 70 81 81 88 101 99 78 53 53 42 38 33 33 35 35 37 37 30 37 35 35 37 38 36 33 34 34 30 34 36 42 48 48 51 51 59 94 125 126 109 109 77 54 42 35 35 35 36 30 34 32 43 43 42 37 36 36 36 36 37 40 58 104 142 142 157 132 99 67 45 
32 29 33 44 44 49 45 52 80 118 118 140 150 146 125 92 92 59 45 38 32 26 26 22 33 57 60 40 40 26 17 17 14 16 16 16 16 16 20 20 36 81 81 69 51 58 70 81 81 88 101 99 78 53 53 42 38 33 33 35 35 37 37 30 37 35 35 37 38 36 33 34 34 30 34 36 42 48 48 51 51 59 94 125 126 109 109 77 54 42 35 35 35 36 30 34 32 43 43 42 37 36 36 36 36 37 40 58 104 142 142 157 132 99 67 45 
20 22 27 30 30 48 51 53 59 91 91 126 147 155 146 128 128 104 83 62 38 28 28 27 32 52 61 46 46 29 26 21 20 20 20 21 20 21 26 26 49 77 77 56 45 57 66 56 56 56 80 97 94 70 70 46 41 37 36 36 36 32 34 34 33 35 35 30 32 35 34 32 32 37 40 41 44 52 52 51 57 70 106 134 123 106 106 78 51 44 40 37 37 38 33 29 34 48 48 41 37 38 38 38 38 43 49 78 110 132 132 141 122 96 64 49 
17 13 21 22 22 33 51 52 54 68 68 98 130 146 149 144 144 131 113 90 54 34 34 30 33 53 62 54 54 32 25 24 22 18 18 19 21 24 36 36 62 70 70 49 45 58 64 46 46 46 54 78 96 86 86 60 43 41 37 35 35 35 29 33 33 38 38 37 35 36 37 36 36 41 42 42 48 48 48 54 54 73 113 139 122 101 101 73 52 44 40 38 38 36 33 30 37 43 43 40 37 42 44 42 42 49 64 96 110 113 113 123 116 97 62 46 
20 18 17 16 16 21 35 46 54 57 57 68 99 123 142 152 152 154 134 114 90 62 62 43 37 50 67 60 60 35 24 19 20 22 22 22 24 25 44 44 70 67 67 46 49 67 64 48 48 42 42 59 89 97 97 75 49 38 38 34 34 32 28 34 29 33 33 38 42 37 38 38 38 48 58 59 64 62 62 54 57 74 120 142 118 96 96 70 49 44 40 37 37 36 30 38 38 41 41 43 45 44 45 46 46 62 89 100 98 92 92 101 112 92 64 45 
17 17 17 18 18 19 25 34 48 50 50 50 70 94 125 156 156 165 149 138 126 106 106 76 57 49 62 72 72 48 29 21 16 18 18 21 27 28 48 48 76 59 59 49 61 72 54 45 45 44 43 46 72 97 97 94 65 45 37 35 35 33 33 33 30 35 35 40 43 42 40 42 42 51 60 66 70 64 64 57 53 70 117 149 122 94 94 69 52 44 43 43 43 38 37 38 43 43 43 40 45 46 50 66 66 83 98 94 80 69 69 91 104 94 70 53 
16 16 16 14 14 17 19 25 35 46 46 46 49 59 86 130 130 150 147 140 140 136 136 125 101 80 75 82 82 67 42 29 24 26 26 27 26 30 56 56 81 59 59 54 67 69 48 38 38 40 44 46 59 91 91 102 81 53 44 38 38 32 30 30 27 32 32 35 34 41 42 42 42 45 48 53 56 52 52 53 53 66 114 156 134 92 92 68 54 48 42 40 40 42 38 45 44 45 45 38 35 48 65 89 89 99 93 76 58 60 60 86 98 96 84 73 
16 16 16 14 14 17 19 25 35 46 46 46 49 59 86 130 130 150 147 140 140 136 136 125 101 80 75 82 82 67 42 29 24 26 26 27 26 30 56 56 81 59 59 54 67 69 48 38 38 40 44 46 59 91 91 102 81 53 44 38 38 32 30 30 27 32 32 35 34 41 42 42 42 45 48 53 56 52 52 53 53 66 114 156 134 92 92 68 54 48 42 40 40 42 38 45 44 45 45 38 35 48 65 89 89 99 93 76 58 60 60 86 98 96 84 73 
17 13 13 12 12 13 17 22 30 48 48 46 42 46 59 78 78 105 126 132 140 140 140 140 134 125 112 114 114 96 67 41 32 28 28 29 32 44 76 76 92 59 59 53 65 68 48 37 37 36 35 38 50 77 77 110 101 67 51 38 38 35 33 30 30 33 33 33 37 40 43 48 48 53 54 50 56 52 52 53 57 65 110 163 142 89 89 70 56 52 45 46 46 54 49 48 46 45 45 44 45 62 92 108 108 99 82 58 48 65 65 83 94 94 83 85 
14 14 13 12 12 13 14 19 33 49 49 48 37 35 36 44 44 56 85 104 124 136 136 139 145 146 139 142 142 141 114 75 46 40 40 40 46 69 98 98 97 54 54 50 67 70 46 34 34 34 34 40 43 70 70 107 125 97 60 46 46 42 34 34 37 35 35 33 40 43 46 54 54 61 66 65 62 56 56 59 62 72 118 166 142 88 88 72 64 58 56 59 59 54 46 43 42 41 41 46 62 96 115 113 113 93 65 48 52 72 72 91 92 84 68 62 
13 13 14 16 16 14 17 26 36 52 52 46 32 28 25 34 34 35 49 60 76 104 104 124 134 145 152 158 158 166 165 139 98 70 70 65 78 110 114 114 98 49 49 51 67 74 48 33 33 38 38 37 44 61 61 102 139 133 93 61 61 51 41 41 37 38 38 41 43 48 59 66 66 69 74 76 72 70 70 77 75 85 129 166 146 97 97 77 70 62 62 62 62 62 59 52 46 46 46 52 85 128 128 104 104 69 56 50 64 85 85 97 92 77 53 49 
18 16 16 16 16 16 19 29 46 43 43 32 29 25 26 28 28 32 37 38 36 52 52 73 94 116 139 156 156 166 186 189 176 148 148 134 140 142 120 120 91 54 54 54 69 75 58 44 44 46 44 43 38 51 51 83 126 149 136 110 110 86 70 56 49 46 46 51 54 54 56 64 64 65 68 70 66 70 70 73 78 100 146 150 129 106 106 94 75 68 64 61 61 60 65 65 62 57 57 65 107 146 139 91 91 62 53 58 80 98 98 101 92 68 50 54 
32 21 17 18 18 19 22 38 46 34 34 28 24 24 22 30 30 35 38 36 28 32 32 40 53 70 98 122 122 146 169 201 222 222 222 217 197 168 120 120 88 59 59 59 73 80 62 51 51 50 49 45 42 45 45 58 91 117 123 123 123 118 102 89 77 62 62 54 54 52 56 58 58 62 68 66 62 64 64 67 77 110 142 131 102 105 105 105 92 76 67 59 59 60 57 58 67 73 73 80 113 148 152 116 116 83 70 80 100 115 115 105 78 57 46 53 
32 21 17 18 18 19 22 38 46 34 34 28 24 24 22 30 30 35 38 36 28 32 32 40 53 70 98 122 122 146 169 201 222 222 222 217 197 168 120 120 88 59 59 59 73 80 62 51 51 50 49 45 42 45 45 58 91 117 123 123 123 118 102 89 77 62 62 54 54 52 56 58 58 62 68 66 62 64 64 67 77 110 142 131 102 105 105 105 92 76 67 59 59 60 57 58 67 73 73 80 113 148 152 116 116 83 70 80 100 115 115 105 78 57 46 53 
40 36 25 24 24 22 33 41 33 29 29 26 22 21 26 30 30 38 38 40 32 32 32 30 33 38 53 80 80 105 142 193 239 253 253 239 216 179 140 140 105 77 77 72 81 91 72 56 56 52 52 54 49 45 45 46 53 67 72 88 88 96 100 100 94 86 86 75 62 61 62 68 68 73 76 77 68 70 70 83 97 128 128 98 77 76 76 82 93 90 80 67 67 60 61 51 52 59 59 75 105 146 158 153 153 137 131 142 150 144 144 109 72 52 46 49 
30 43 49 50 50 54 54 46 28 24 24 26 22 18 25 36 36 40 38 44 34 32 32 30 30 33 38 60 60 88 133 187 234 254 254 245 219 194 170 170 136 85 85 77 89 98 82 65 65 54 46 49 46 46 46 44 43 48 45 49 49 54 65 81 89 97 97 99 91 80 93 96 96 97 102 102 98 94 94 113 131 126 94 69 62 59 59 62 70 88 93 85 85 68 61 56 54 54 54 58 75 116 144 156 156 173 176 188 181 166 166 134 88 59 49 49 
16 34 53 78 78 86 78 57 30 25 25 22 24 25 28 38 38 36 38 40 36 34 34 32 33 40 57 80 80 107 124 142 182 221 221 225 197 181 176 176 163 109 109 86 91 94 80 68 68 58 54 49 45 43 43 43 43 45 40 38 38 38 42 50 67 85 85 102 104 97 96 94 94 97 100 110 104 102 102 115 123 96 68 56 53 54 54 56 54 64 82 91 91 88 73 61 62 65 65 69 69 94 121 137 137 157 171 176 174 162 162 141 122 88 60 53 
13 19 24 36 36 51 65 62 46 28 28 22 24 24 29 32 32 35 41 38 32 34 34 38 46 67 88 102 102 110 99 85 100 156 156 185 161 148 150 150 158 158 158 142 121 104 80 69 69 62 59 53 52 49 49 44 43 43 41 37 37 37 37 35 45 62 62 85 102 100 85 68 68 65 68 78 86 88 88 102 102 81 61 57 58 53 53 45 50 48 59 75 75 86 89 82 77 89 89 94 94 96 106 110 110 117 126 130 118 113 113 118 130 113 93 61 
16 18 19 18 18 25 33 57 61 43 43 28 25 25 28 26 26 30 38 46 42 50 50 62 77 98 105 106 106 86 68 51 56 104 104 142 126 110 122 122 134 165 165 176 177 155 106 78 78 68 58 54 53 53 53 53 49 43 44 42 42 44 40 36 40 45 45 67 96 99 76 54 54 49 52 57 66 76 76 99 86 78 68 54 57 52 52 46 51 52 56 57 57 66 86 101 100 99 99 89 83 80 75 83 83 99 110 112 96 72 72 81 104 118 112 81 
16 18 19 18 18 25 33 57 61 43 43 28 25 25 28 26 26 30 38 46 42 50 50 62 77 98 105 106 106 86 68 51 56 104 104 142 126 110 122 122 134 165 165 176 177 155 106 78 78 68 58 54 53 53 53 53 49 43 44 42 42 44 40 36 40 45 45 67 96 99 76 54 54 49 52 57 66 76 76 99 86 78 68 54 57 52 52 46 51 52 56 57 57 66 86 101 100 99 99 89 83 80 75 83 83 99 110 112 96 72 72 81 104 118 112 81 
19 19 22 20 20 22 25 50 72 58 58 36 32 28 27 36 36 46 61 76 82 88 88 98 101 99 92 74 74 58 46 41 50 92 92 125 97 80 94 94 112 142 142 169 195 194 160 121 121 98 75 67 56 57 57 58 57 46 45 43 43 45 43 40 38 49 49 73 97 94 67 48 48 49 48 58 66 78 78 91 81 67 67 69 64 53 53 51 48 52 54 53 53 54 73 102 102 93 93 70 65 64 60 82 82 109 116 104 86 65 65 65 86 115 129 107 
20 22 19 18 18 17 22 40 67 78 78 54 40 33 50 76 76 96 105 102 100 96 96 89 83 68 51 44 44 43 42 41 50 80 80 115 96 62 64 64 75 123 123 148 174 198 194 173 173 146 126 107 81 67 67 59 56 53 50 52 52 46 46 46 41 51 51 83 100 91 62 48 48 49 52 57 70 82 82 93 78 70 66 64 65 58 58 50 46 50 52 51 51 48 61 86 100 89 89 62 59 60 62 86 86 113 105 80 66 64 64 67 92 128 144 134 
24 22 22 22 22 21 25 36 60 104 104 96 56 54 93 136 136 141 121 98 80 66 66 54 43 35 32 34 34 30 30 33 50 84 84 105 99 70 48 48 48 94 94 125 163 181 192 205 205 186 169 150 134 115 115 90 67 62 61 57 57 49 49 51 53 64 64 91 102 84 59 50 50 46 48 56 68 86 86 83 83 69 62 65 68 61 61 53 48 50 45 49 49 48 51 72 101 94 94 76 59 58 66 94 94 121 98 66 56 70 70 91 112 133 137 121 
28 22 24 22 22 25 27 30 51 123 123 150 107 89 130 172 172 168 121 86 68 56 56 49 38 36 30 32 32 27 26 37 58 88 88 94 100 78 48 48 38 59 59 100 142 158 170 194 194 198 190 174 169 163 163 139 107 81 62 60 60 54 54 58 61 78 78 102 100 78 58 52 52 49 44 53 74 86 86 73 70 70 58 56 61 66 66 62 59 58 56 51 51 52 49 62 92 101 101 91 62 56 67 102 102 121 89 60 58 76 76 94 96 100 120 115 
33 30 29 30 30 29 32 28 42 102 102 152 122 94 118 154 154 163 137 100 84 76 76 72 65 59 54 50 50 50 51 61 86 98 98 93 101 92 56 56 40 53 53 83 134 150 154 171 171 190 193 187 176 179 179 170 150 118 86 69 69 62 67 70 78 102 102 110 99 72 56 54 54 51 48 54 84 92 92 75 70 72 49 51 52 62 62 70 64 66 69 59 59 54 53 62 77 102 102 102 77 66 78 112 112 118 82 56 66 91 91 97 68 78 110 118 
33 30 29 30 30 29 32 28 42 102 102 152 122 94 118 154 154 163 137 100 84 76 76 72 65 59 54 50 50 50 51 61 86 98 98 93 101 92 56 56 40 53 53 83 134 150 154 171 171 190 193 187 176 179 179 170 150 118 86 69 69 62 67 70 78 102 102 110 99 72 56 54 54 51 48 54 84 92 92 75 70 72 49 51 52 62 62 70 64 66 69 59 59 54 53 62 77 102 102 102 77 66 78 112 112 118 82 56 66 91 91 97 68 78 110 118 
40 34 30 26 26 29 27 27 27 43 43 70 62 57 66 96 96 120 121 110 88 76 76 69 70 68 62 68 68 75 94 109 118 120 120 110 112 94 60 60 46 56 56 92 134 142 146 142 142 162 181 179 169 166 166 174 166 149 118 92 92 70 74 86 105 123 123 118 88 62 54 48 48 49 48 53 86 90 90 73 70 66 50 48 53 54 54 58 64 54 56 67 67 64 65 64 68 93 93 102 86 68 83 115 115 117 77 52 62 88 88 94 68 68 112 134 
51 43 37 34 34 30 27 26 24 26 26 32 28 26 29 40 40 65 86 92 94 88 88 80 77 73 78 84 84 94 105 109 106 96 96 89 91 70 56 56 48 69 69 107 137 130 118 105 105 114 142 161 154 153 153 164 157 155 145 118 118 85 78 101 121 125 125 107 77 64 59 52 52 51 52 60 90 82 82 69 69 61 57 53 52 51 51 51 56 50 43 51 51 58 69 76 73 86 86 106 101 84 90 118 118 109 70 58 64 77 77 91 84 91 121 157 
64 58 48 42 42 37 35 32 30 30 30 26 27 25 26 28 28 32 45 62 76 88 88 93 94 92 94 96 96 94 90 81 70 56 56 54 52 51 40 40 38 83 83 116 131 110 82 70 70 70 86 110 117 118 118 142 147 153 154 144 144 122 110 122 125 115 115 91 72 59 54 56 56 53 52 69 86 86 86 73 62 54 54 52 49 50 50 46 51 50 44 48 48 48 57 67 72 93 93 115 118 104 107 126 126 113 69 60 58 60 60 83 100 120 140 150 
